0.000000000000000000e+00
1.390747300301940492e-01
0.000000000000000000e+00
8.146992941469181071e-01
0.000000000000000000e+00
1.251472653375428790e+00
0.000000000000000000e+00
6.694877771721262534e-03
1.896399596598635079e-02
1.009793360943699092e+00
1.763541069618034696e+00
1.340098229991198098e+00
1.165905149021491047e-02
1.616095864622321576e+00
2.142024920032639390e-01
3.490260409487112025e-01
0.000000000000000000e+00
1.079479722629346841e-02
1.281635897868480325e-02
5.810494033797120733e-03
0.000000000000000000e+00
0.000000000000000000e+00
1.587622748064674960e+00
8.504200785757663750e-03
0.000000000000000000e+00
5.987091026698082921e-03
1.546606949985290802e-03
1.535645425067481584e+00
1.771696849699754717e+00
1.803879364894412918e+00
1.277395065922514394e+00
6.299109734540453420e-01
7.128779221877485153e-03
0.000000000000000000e+00
4.910015007429167737e-03
1.718482340620549609e+00
5.611220252460507457e-04
1.593475832791197311e+00
1.449234449489716248e+00
0.000000000000000000e+00
8.141708228362893804e-03
5.767274838607975782e-03
1.271522851018747347e-01
1.728621736621453797e+00
2.858873376186047977e-01
3.759595069593495986e-01
6.215661512607887351e-01
1.703044961710594496e+00
1.384735886649936187e+00
1.449090493003621916e+00
0.000000000000000000e+00
1.985163018521573397e+00
9.021123376282523809e-01
1.373932714774319219e+00
3.120839253807946578e-01
1.678604863009812709e+00
2.073293931504537557e+00
8.075012491263108827e-02
1.795393832275041148e-03
4.747481194878971911e-01
1.419682478736785436e+00
1.344097369279936949e+00
6.913000221566383170e-03
1.212474890742165190e+00
2.107126355006449625e+00
1.374583966157761836e-03
1.410887383836675557e+00
1.401278289822513567e+00
1.507542804795179991e+00
1.684504598182194446e+00
4.265933219946369676e-03
1.454446184338262227e-01
0.000000000000000000e+00
1.276535770534959480e-01
1.239706267278768426e+00
1.421169915433911468e+00
0.000000000000000000e+00
1.795162861415721567e+00
0.000000000000000000e+00
1.169716590413102830e+00
9.140191060813050994e-01
9.984535423062691761e-04
8.201261683318052803e-03
8.377513691765564596e-01
5.582712523791037995e-01
1.538594055406959260e+00
8.718564321816321128e-01
1.786926397309251735e+00
1.358580641549929080e+00
1.479961405513241068e+00
1.633370298998881032e-01
1.195124762674128552e-02
0.000000000000000000e+00
0.000000000000000000e+00
1.954130144895397603e+00
0.000000000000000000e+00
1.196390251738568944e+00
7.314823211799759139e-01
1.290101107811951975e+00
9.014268112635498431e-01
1.635059380953429509e+00
0.000000000000000000e+00
0.000000000000000000e+00
0.000000000000000000e+00
0.000000000000000000e+00
0.000000000000000000e+00
1.900638179160438757e+00
1.451845245146603958e+00
0.000000000000000000e+00
6.275001063141103994e-03
7.103565835122176327e-03
1.689289136640810707e+00
1.588219772777453409e+00
1.248660454101353734e+00
1.356056753983703622e+00
1.663156278882946149e+00
3.466075684266592960e-01
1.810664185009285720e+00
1.379809299201625872e-01
5.026689399482295317e-03
1.432198258474759456e+00
1.387504148875386839e-02
2.209707107730395914e-01
1.222166301780780895e+00
1.231059301985494613e-03
1.269557661694834527e+00
5.420526711972723996e-03
4.734450234969057036e-01
2.069609142208985730e-01
0.000000000000000000e+00
1.411876160173852313e+00
1.012683247547160187e-02
2.666616341632194014e-03
3.394398327133985732e-02
1.146715321365288521e-03
1.634235484675490513e+00
1.639537145426959830e+00
1.840912593137748798e+00
0.000000000000000000e+00
8.726954865324862420e-03
0.000000000000000000e+00
1.286034190190017634e+00
1.763396254056373236e+00
2.856042113103401253e-02
1.381698061558922497e+00
1.519698242026441652e-02
1.680138819720460530e+00
6.951047399359098003e-03
1.001985269488165464e+00
1.357543071523424461e+00
1.457709609363183959e-02
0.000000000000000000e+00
1.046679677591667683e-02
0.000000000000000000e+00
6.061714056595842760e-03
0.000000000000000000e+00
1.270311643020743730e+00
0.000000000000000000e+00
8.695892943159193311e-03
8.305620599668017690e-01
2.032222421812076352e+00
1.357086392128761476e+00
0.000000000000000000e+00
5.306585104564600849e-03
1.062905430960942255e+00
0.000000000000000000e+00
1.112170877554598258e-02
1.832224184281577184e+00
1.951641230257552317e+00
7.259394684849669321e-01
6.007193062739535003e-03
5.629096733168005573e-03
3.219036375069091876e-03
0.000000000000000000e+00
0.000000000000000000e+00
5.534065225629722917e-01
0.000000000000000000e+00
0.000000000000000000e+00
1.159988681281542533e+00
5.954936916676975001e-01
0.000000000000000000e+00
1.166528463652025671e+00
9.332957542434273668e-01
7.344769768380277498e-04
1.313340956319712927e+00
1.315311612032371347e+00
1.471746932244291761e+00
1.252617287292991932e+00
2.664553136695621549e-02
5.537690244584810365e-03
1.167805421218976181e-01
0.000000000000000000e+00
1.331539737594845674e+00
0.000000000000000000e+00
6.784072111570710502e-03
2.457614089662842581e-03
1.133976016591108582e+00
2.923757115113711016e-02
6.693092543188571691e-03
1.151269903604267064e+00
1.060185633693496055e+00
1.015581005938157366e+00
1.208643091623487376e+00
1.585815124941531096e+00
1.454532494109849611e-02
1.129355636735043467e+00
1.438670677137900533e+00
1.046620824515022419e-02
1.532828353863960436e+00
1.744843840399101786e+00
1.189578703372083934e+00
9.978686674561616510e-01
1.711987035679224389e+00
1.637802063505016781e+00
1.686528776359681014e+00
1.547003195154099009e+00
1.137071388883329259e+00
1.423936909862373312e+00
1.955014198973580974e+00
1.640460273032267269e+00
1.905104467066126572e+00
1.228057736147488921e+00
3.842013248457927001e-03
1.587059449005899125e+00
1.956038946887634467e+00
1.182066310541586729e+00
1.799532359572335816e+00
0.000000000000000000e+00
1.592541941867395394e+00
1.629369997516254776e+00
1.352959960146553620e+00
3.689781325118246611e-03
4.832862234015689595e-01
0.000000000000000000e+00
1.259035919508864811e-03
7.199718840995854470e-03
1.409876798622078597e+00
2.135195024654883492e-03
1.844205253562825497e+00
5.685202059081463991e-03
2.099916139475997756e+00
0.000000000000000000e+00
2.188012137037961047e+00
1.849441546678804171e-01
2.004383785093901249e+00
5.822653204964840790e-03
4.082746350388081341e-04
1.171177278321778870e+00
2.096413375507286680e+00
1.781488181644417690e+00
0.000000000000000000e+00
7.247910738258140804e-04
1.347237935575058332e+00
1.512086691212518819e+00
0.000000000000000000e+00
3.503316771571304486e-03
5.460649860077724238e-01
0.000000000000000000e+00
1.319621280596757762e+00
4.414237295913336911e-02
1.152257753494492665e+00
0.000000000000000000e+00
0.000000000000000000e+00
1.442379605254243469e+00
1.387813869685569079e+00
1.460709487015398711e+00
1.901985425836399068e+00
0.000000000000000000e+00
1.308273577767287213e-02
1.382430940934196162e+00
1.691661727907417534e+00
9.690331193588291869e-01
1.412350350447121317e+00
1.226591305677187868e-02
0.000000000000000000e+00
8.847670858498721952e-04
9.965762466259207031e-01
5.928230438007054959e-01
1.788832108902714546e-01
5.223900642546108405e-03
1.480184218187960532e+00
1.365308791828586388e-01
1.784854435762782021e+00
1.602712385276391371e+00
4.114507871658538152e-01
0.000000000000000000e+00
1.244287378075134454e+00
4.567470682707959195e-01
0.000000000000000000e+00
4.438274199349848126e-01
3.784086377264712399e-03
2.502090572024135741e-03
0.000000000000000000e+00
0.000000000000000000e+00
1.371106668628034209e+00
0.000000000000000000e+00
5.452905347184090479e-01
1.603430409696170456e+00
1.242131966925131836e+00
0.000000000000000000e+00
1.805435231697791076e+00
0.000000000000000000e+00
1.368626154680009366e+00
9.804971681862326705e-01
1.504639792208544158e+00
2.178953127385919064e+00
1.044357778302761552e+00
1.494533848368503559e+00
1.475615495186763989e-03
4.214373162995090072e-03
1.038409043228124551e+00
5.276052292665067353e-03
1.515475279649526774e+00
1.941241455066735622e+00
3.908626357026431242e-01
0.000000000000000000e+00
0.000000000000000000e+00
7.661420281710197219e-03
1.719731223953841370e+00
1.251191116592760721e+00
7.992742153536106509e-01
1.494510140749521598e+00
4.303433942276817525e-01
3.638934027677267515e-03
1.165870579717910305e+00
1.608478053727808305e-02
9.413168792053254116e-03
9.719502025172696014e-01
5.438598566300871795e-01
8.822548200143612990e-03
1.157228717728581602e+00
3.762564399004140331e-02
1.499460955205617729e+00
1.668753226167106085e+00
1.647205319363342357e-01
1.118808812510903472e+00
1.523698567848020158e+00
1.257056237983312785e+00
0.000000000000000000e+00
1.735604481797852872e+00
0.000000000000000000e+00
0.000000000000000000e+00
6.620831223051711414e-04
4.532830586846561642e-03
0.000000000000000000e+00
0.000000000000000000e+00
6.860350309852278686e-03
1.872010211289688364e+00
1.133726808131630071e+00
1.093309799192418164e-01
0.000000000000000000e+00
7.603831454009823965e-01
7.995037214083089774e-03
1.429565244099066490e+00
2.372950438633258594e-03
0.000000000000000000e+00
2.093734425504717223e+00
0.000000000000000000e+00
7.345905984765876279e-03
1.866389410802445248e+00
0.000000000000000000e+00
7.024376462595205428e-01
0.000000000000000000e+00
1.783249153085275207e+00
5.665629457738079466e-01
2.137874540724599814e+00
6.967348713647746328e-01
1.522713479025192607e+00
8.111887536943183097e-01
1.705342421119063312e+00
1.832389023252486426e+00
3.254801316962891572e-03
1.431267569362218352e-03
1.330712905685709213e+00
2.001939670383459102e+00
0.000000000000000000e+00
0.000000000000000000e+00
1.277088008886279047e+00
0.000000000000000000e+00
0.000000000000000000e+00
4.855639296836846697e-01
1.908570758872977002e+00
1.000313001847810135e+00
6.841026605126350121e-03
1.042387395614380097e+00
7.630091158948908436e-01
0.000000000000000000e+00
5.660997352893895607e-03
2.643039526303512295e-03
1.455334381866287607e+00
4.011407116078922752e-01
1.362387170262538749e+00
4.549517973911125224e-01
2.036135404423132123e+00
2.742363018681948615e-03
9.796592592301677990e-03
1.096533939972760101e-02
1.904684057516886408e+00
0.000000000000000000e+00
1.879711212711876689e+00
0.000000000000000000e+00
1.959733108226258569e+00
5.999415129534607129e-03
8.998034906778956850e-04
7.253339971669089392e-01
2.098103368662865176e+00
1.344487553753771714e+00
0.000000000000000000e+00
4.704967979053739646e-02
1.830384059466112046e+00
1.539046360953271630e+00
9.805433550944037124e-01
0.000000000000000000e+00
1.685781653556231163e-01
1.117972236099216976e-02
8.864372785764643159e-04
4.265606434719391472e-03
8.374224112170163270e-01
2.939095298582932326e-03
1.921536504575336091e+00
1.514336659969180987e+00
1.440361395250583376e+00
1.413906262228564303e+00
0.000000000000000000e+00
2.106658532933720629e+00
6.661856356846384761e-03
1.386786678515658178e+00
9.668832466863214181e-01
4.688715256689115693e-03
1.781455499777468532e+00
0.000000000000000000e+00
2.918656184957747410e-03
1.613214972182733353e+00
9.144348820894892052e-03
1.498666188022614865e+00
7.923083732926424760e-01
1.536662540463607840e+00
1.434879234469368603e+00
9.813156961901294689e-03
1.012715956245047622e+00
1.094190773898922941e+00
6.594842712481616687e-01
1.376398531986376295e+00
1.364543719308439762e+00
8.866594413616424308e-03
1.766343427561770207e+00
1.668115814120407325e+00
1.005693005546273999e-01
3.644656308774248121e-02
2.455268502612984183e-01
9.964704540511591657e-02
1.500193370760028788e+00
7.658801578689610201e-01
0.000000000000000000e+00
3.489179518733514715e-03
1.782528350815509033e-01
1.337508456535759560e+00
1.261034212973247470e+00
1.078255933695905847e-02
1.817058268820844619e-02
3.255692298038591059e-01
1.446813367359634617e+00
1.447047643048530841e+00
1.208890749630043421e-02
1.907855419013972265e+00
3.215842254006793383e-02
3.742243280686029516e-01
8.798561735052544755e-03
1.741730298308874270e+00
2.796696303335745593e-01
1.843408560649680838e+00
1.624759387292446622e+00
1.257771048767307442e-01
2.320818096770542634e-03
1.632146270199636318e+00
1.456740938332062342e-02
1.080832878580934464e+00
2.249934441515379080e-02
1.207040772983767996e+00
3.637954832552069973e-01
1.104169208125514723e-01
1.579316344442337261e+00
1.863511659064639669e+00
1.803152397719404831e+00
2.235870674279002657e+00
1.155761670171490563e+00
1.171077508675109902e-02
7.636608202248868285e-03
0.000000000000000000e+00
2.105503881871807065e-02
1.729134636510104399e-03
1.275890239961469774e+00
2.301299255854759654e-02
2.111645464258140592e+00
1.899705272312134152e+00
0.000000000000000000e+00
0.000000000000000000e+00
0.000000000000000000e+00
1.076829563177639004e+00
0.000000000000000000e+00
1.596647915896552972e+00
8.854791141340411231e-01
1.947470557284913806e+00
1.931792108805939767e-01
1.831335398527820901e+00
0.000000000000000000e+00
1.400229711445412084e+00
1.766409255136516476e+00
1.677808546104184506e+00
1.198489163936063834e-02
6.920522995334256119e-03
0.000000000000000000e+00
1.495331100309974293e+00
0.000000000000000000e+00
8.028819563268153603e-01
8.663145816601677263e-01
2.127749802517735489e+00
1.224076923628614422e+00
1.650167960409679724e+00
1.630601370155472019e+00
2.135903677551811430e+00
1.953848766011257121e+00
0.000000000000000000e+00
1.371928964432560960e+00
1.212899242582794912e+00
1.435090803916040159e+00
1.587347026749343470e+00
6.433975069625008647e-03
1.080550534943897772e-03
7.650939620816647052e-03
0.000000000000000000e+00
3.676407929304431610e-01
1.606641760297634836e+00
1.474928783174676239e+00
2.120404706514704696e+00
0.000000000000000000e+00
1.788643157651900184e+00
0.000000000000000000e+00
5.634951797307163023e-03
2.261906540787103737e+00
2.020192869870637509e+00
1.281132550866787456e+00
9.013305430077431790e-01
0.000000000000000000e+00
9.357587745024792403e-01
6.282341020704038659e-01
3.761244240248681758e-01
2.764900273931149288e-03
1.183908571009702898e-02
0.000000000000000000e+00
1.350511046681363014e+00
0.000000000000000000e+00
2.896444640356176659e-01
3.166014864017042962e-02
6.945685610452694281e-01
1.490816004884158372e-02
0.000000000000000000e+00
1.170497573225507626e+00
1.654760434076567144e+00
5.315663689052353424e-01
0.000000000000000000e+00
1.066404859613194478e-02
1.641416988374649222e+00
1.210684096993147607e-02
0.000000000000000000e+00
1.679903025324503085e+00
1.287439641013981770e-02
1.107930316767273722e-02
3.214450113899600461e-03
0.000000000000000000e+00
1.324507999993614904e+00
1.094569518962697163e+00
1.918647842701145523e+00
9.170055178770425419e-01
0.000000000000000000e+00
8.550567130126245086e-03
1.094485835817836206e+00
9.194204453952027969e-03
1.859033636840670800e+00
1.846348115046298616e-02
9.887255457307352058e-02
1.421801447123852480e+00
1.637709017520410315e+00
1.761567366203650453e-01
6.302777767404246223e-01
1.048720257060983124e-02
3.182488224705004032e-01
1.254906266296439664e-02
0.000000000000000000e+00
1.640647623894403440e-02
1.073938180672116882e+00
1.755307805912206698e+00
1.697281473676562680e+00
1.667107515979586063e+00
0.000000000000000000e+00
1.348353135418206117e+00
0.000000000000000000e+00
2.828651836217603854e-01
0.000000000000000000e+00
1.109724270274868724e-01
2.483903850519047097e-03
2.158671725756045490e+00
1.192605893392502558e+00
1.211470083389163843e+00
1.288388955823224213e+00
1.972639354872147921e+00
0.000000000000000000e+00
3.841579619415032634e-03
1.599083865922324543e+00
1.765364547035958687e+00
1.407936004491502802e+00
8.286136725889592727e-03
5.811915752333173153e-03
3.958906073446173506e-03
0.000000000000000000e+00
1.101144073116040213e-02
6.577236805431185829e-01
5.709721538421242554e-03
1.103215956435408707e+00
1.688456918517462935e+00
6.660476457676069162e-03
1.278749451877409404e+00
8.087500395403469655e-01
4.254656328797491727e-03
1.684681519152326556e+00
9.644911011996470593e-03
2.138739406310095514e+00
7.325445222238538001e-01
8.104858180987231098e-01
2.272467423085717808e+00
0.000000000000000000e+00
1.453927980848868984e+00
1.539882629150971294e+00
1.022207203780168161e+00
1.959422331383849913e+00
2.216996863067695160e-03
5.839966392551387483e-03
0.000000000000000000e+00
2.093888312412590214e+00
1.558950138978777877e+00
1.656726212270835275e+00
0.000000000000000000e+00
6.979853565551676076e-03
1.396999245382401611e+00
3.629062625100754752e-02
1.543582869633930432e+00
3.682859787669368664e-03
1.428578989668152444e+00
2.647904747018683252e-02
2.409286307150120682e-02
1.213083195855888086e+00
1.973101959294587981e+00
1.554671454596364910e+00
2.060280265702902458e+00
2.136528820055791922e+00
1.291513185307229472e+00
0.000000000000000000e+00
1.878291638967025001e+00
1.772071248264112553e+00
1.771454316199130852e-01
7.192930144635106132e-03
0.000000000000000000e+00
1.888860118811180211e+00
1.591010245519002719e+00
0.000000000000000000e+00
1.784119916661066618e+00
1.533352061153377299e+00
0.000000000000000000e+00
0.000000000000000000e+00
4.594155075024264900e-01
1.208338408945413889e+00
1.763904259522675710e+00
1.442988288511800610e+00
2.206905232409881901e+00
1.944201740593133554e+00
4.437614439742835204e-01
1.510565203928372124e+00
1.674372881394381007e+00
5.613092900270309771e-02
4.118961883470826923e-01
1.595791435184267026e+00
1.161411911095842041e-02
2.603939779631407880e-01
2.221335291064885364e+00
3.667320845659608267e-03
2.087270650382654774e-02
0.000000000000000000e+00
0.000000000000000000e+00
1.719773791924960049e+00
1.434473524630825558e+00
1.127926208506772721e+00
1.131760067737843212e+00
9.236255590647206998e-04
1.420382991134343964e+00
1.770708157812569183e+00
1.540016259679673594e+00
0.000000000000000000e+00
1.658248790402498951e+00
1.766402776607380209e+00
6.362651216498850515e-02
0.000000000000000000e+00
1.849289338127983393e-02
7.828756604896278115e-03
5.235382529303805876e-03
1.538445346197179431e+00
1.302349897300683797e-02
7.712114523255955874e-03
1.532362970413164049e+00
0.000000000000000000e+00
3.743217465037894549e-03
3.104882831614333774e-02
2.257642134231081094e-02
6.545418820512433934e-03
3.367855021031865379e-03
6.019264745231746837e-04
0.000000000000000000e+00
7.591624748760150698e-02
0.000000000000000000e+00
0.000000000000000000e+00
4.220391450049829421e-03
0.000000000000000000e+00
0.000000000000000000e+00
2.030570232475869652e+00
4.738267783016993778e-02
0.000000000000000000e+00
3.736064199064995789e-02
9.860393381044326583e-03
1.453163926417224250e+00
0.000000000000000000e+00
6.429089682197855742e-04
0.000000000000000000e+00
1.876233723416691257e+00
7.221437313805101343e-01
1.917070206874865734e+00
2.085346351807003895e+00
1.641867383460651864e+00
0.000000000000000000e+00
1.682426332004360203e+00
0.000000000000000000e+00
1.803549155332302645e+00
0.000000000000000000e+00
1.333055442528032319e+00
1.044463969840557678e-02
1.049204798516759185e+00
3.109893587612722662e-03
1.968878116285566415e+00
1.584463621903944297e+00
1.840633225024985130e-03
0.000000000000000000e+00
0.000000000000000000e+00
1.852703757825978848e+00
1.709633760621475318e+00
0.000000000000000000e+00
0.000000000000000000e+00
2.260273225819291465e+00
2.025852743539548140e+00
4.554783261802279326e-01
1.461837609438519037e+00
4.336291581300876288e-03
1.043748807694748315e+00
6.804253033446490059e-03
1.657737853974912801e+00
1.805608765276780270e+00
2.265012526838161913e-03
2.367463202984382981e-03
6.482271548560073838e-04
0.000000000000000000e+00
1.224981117776275941e+00
1.650547668915851585e+00
1.034747590067061802e-02
8.009324419979670789e-03
6.808589838804861294e-02
0.000000000000000000e+00
1.767102686712127113e+00
1.481556848689670414e+00
1.791545641409139744e+00
2.017833026218271153e-01
4.092522670593971568e-01
1.056122771816624173e+00
1.239361198842018563e+00
1.656353618084144969e-02
8.878073072422488776e-01
7.899669438636474153e-03
1.121533734739151543e-03
5.923471330142643376e-01
2.260122473967221435e+00
0.000000000000000000e+00
5.424085235513133041e-01
1.617875676304023402e+00
5.959676876801084378e-01
2.128914174315021945e+00
1.831594075577678726e+00
2.373211465215025573e+00
1.452686174926693274e+00
8.545629780769935582e-03
2.119636004369069848e+00
4.521887746664095542e-01
3.929124012790482200e-04
7.332382942375218794e-03
1.764996585425970377e+00
0.000000000000000000e+00
1.325445925996898922e+00
0.000000000000000000e+00
3.746507773040781697e-02
4.526561883502019067e-03
8.045560026994632435e-03
0.000000000000000000e+00
5.075809673096761190e-03
1.374504573127595997e+00
1.732385459459393262e+00
1.636267185726296147e-01
1.328671766199027715e+00
0.000000000000000000e+00
0.000000000000000000e+00
6.172012565094341374e-01
1.743247565040668468e+00
1.843194749057694315e+00
1.567902765703189205e+00
0.000000000000000000e+00
4.552200992771639372e-03
2.135423673462938099e-01
2.863838593579329413e-03
7.784252452908385633e-01
1.875396410971862382e+00
1.289481901988947729e-02
1.550860413490632084e+00
1.785718534494887821e+00
2.244695742373666314e-01
6.587299009012859141e-01
1.891057996797472329e+00
0.000000000000000000e+00
1.222741950479174333e+00
6.828605999059991598e-03
1.246694052850783399e-02
8.687373688242906455e-01
1.775985427931475041e-02
0.000000000000000000e+00
0.000000000000000000e+00
2.480962446959410261e+00
1.551489999605193838e-03
1.830120039591244918e+00
1.582611273535273533e+00
1.790702823429343615e+00
1.523139546354013163e+00
2.251553761813094745e+00
1.977093678870725846e+00
1.374436246255426708e+00
0.000000000000000000e+00
7.882543670289982041e-02
1.136666954329823342e+00
1.336591597599190440e+00
2.407304847226863220e-01
1.966355726834918771e+00
0.000000000000000000e+00
1.805330819534143538e+00
1.891544497314055606e+00
0.000000000000000000e+00
1.518902876570992877e+00
1.861680680641193852e+00
2.645066324310892981e-03
1.068562194846148783e+00
3.017270269822427409e-01
1.513958367305721087e+00
1.776747686300575099e-02
4.307724064118867435e-01
0.000000000000000000e+00
3.022663534702715871e-01
0.000000000000000000e+00
1.927600252673382919e-01
3.690455841166217880e-03
1.345995187649733646e-03
1.742201853724614891e+00
2.100845209334404995e+00
1.474837271840629543e-03
0.000000000000000000e+00
1.119553732788421740e+00
1.705477675894875755e+00
0.000000000000000000e+00
1.164410430777058192e+00
1.392315155585908570e+00
5.127491272582433979e-01
6.657395588824388533e-03
7.059389354884565426e-02
1.432709663917437704e+00
0.000000000000000000e+00
2.389966457285869761e-01
1.617814297966052139e+00
1.669024722089087032e+00
1.739912207679785050e+00
7.639631634076167466e-03
8.097893215258717969e-01
0.000000000000000000e+00
5.446689586297275287e-01
7.372663393926087716e-03
1.600496407565008550e+00
1.778744874828975364e+00
1.744980990961845890e+00
3.983673018534423203e-03
1.915238895830448040e+00
0.000000000000000000e+00
2.168218510197745363e+00
0.000000000000000000e+00
1.913298172104390904e+00
1.678331055694380680e+00
2.846222043524904710e-01
0.000000000000000000e+00
0.000000000000000000e+00
1.290209309646421554e+00
1.686719255918107452e+00
6.945117403748158821e-03
8.929855125895305029e-03
3.768413434087199143e-02
1.333457549212643700e+00
1.067923488178505131e+00
1.625005571067797971e+00
1.795805585071005517e+00
1.507889209157219801e+00
2.159027079624715184e-01
1.348555753840211979e+00
0.000000000000000000e+00
8.219435231237789963e-03
2.876831676791873245e-03
0.000000000000000000e+00
1.335886857411525241e+00
0.000000000000000000e+00
1.696625254458062670e+00
2.731655540935106971e-03
2.291535945674883501e-01
1.637794690052801760e+00
0.000000000000000000e+00
2.050148555214206691e+00
1.726856608793402525e+00
2.787801690253860487e-03
1.774888914344107560e+00
7.175731474460308144e-03
3.945247173635694216e-01
2.048275271374148249e-02
2.524998045413461706e-03
1.638875404664098978e+00
1.870024774981005611e-01
0.000000000000000000e+00
3.393990252452365186e-01
6.538992438527926193e-03
0.000000000000000000e+00
1.310932626370093113e+00
7.611332937371238089e-05
2.573936381213756067e-03
9.315484954813820773e-01
1.005960724104753901e+00
7.834988462655200214e-01
1.148070505752959214e+00
6.505363928922742664e-03
2.378082333661225567e-01
1.462281081467732946e+00
1.651498157349031493e+00
8.406051568630047433e-01
1.302658703632858343e-02
0.000000000000000000e+00
1.305146931303502011e+00
1.365645437795210082e+00
6.804550709764008998e-01
1.828378871913569417e-03
3.040721330032190948e-03
1.277367339298231208e+00
3.296782058996339769e-03
1.019776189349676399e+00
8.388946916452707514e-01
1.708888219929791008e+00
0.000000000000000000e+00
7.380470771803552266e-01
0.000000000000000000e+00
0.000000000000000000e+00
1.117413730512122783e+00
1.224278507945483874e+00
1.539783014058041270e-03
1.544740065637381310e+00
0.000000000000000000e+00
1.162637581027552658e+00
1.655657903736409281e-02
6.426562961757860126e-01
9.167585241286076991e-01
1.351361751009083796e-02
9.355883330336283235e-03
0.000000000000000000e+00
0.000000000000000000e+00
1.250550299947306848e-02
1.748005564681760493e+00
1.585204486607492358e+00
2.016350055293082200e+00
1.150595433013533508e+00
1.925084417710235307e+00
1.448998260708863998e-02
1.220463428368691261e+00
0.000000000000000000e+00
4.273950544122910242e-03
1.796495095872074899e+00
1.842945458924874158e+00
1.402362910359406634e+00
0.000000000000000000e+00
1.674379581442090092e+00
